1869 -1.33333
1870 -1.33333
1871 -1.33333
1879 -0.703704
1880 -0.703704
1881 -0.703704
1889 -0.826087
1890 -0.826087
1891 -0.826087
1897 0
1898 0
1899 -0.677419
1900 -0.7
1901 -0.677419
1902 0
1903 -1
1904 -2
1905 -0.5
1906 0.5
1907 0.333333
1908 0
1909 -1.32353
1910 -1.25714
1911 -1.23684
1912 -0.25
1913 -1.22222
1914 -1
1915 -1.2
1916 0.222222
1917 -0.0833333
1918 -0.444444
1919 -0.8
1920 -1
1921 -0.846154
1922 -0.727273
1923 -0.631579
1924 -0.869565
1925 -0.757576
1926 -1.22222
1927 -1.16327
1928 -1.45161
1929 -1.21212
1930 -1.15714
1931 -0.984615
1932 -0.967742
1933 -1.12308
1934 -0.939394
1935 -1.09231
1936 -1.19298
1937 -1.70213
1938 -1.57692
1939 -1.27451
1940 -1.08
1941 -1.15068
1942 -1.25676
1943 -1.04478
1944 -0.823529
1945 -0.955882
1946 -1.21311
1947 -1.38333
1948 -1.07576
1949 -1.04167
1950 -0.886364
1951 -0.886525
1952 -1.01156
1953 -1.09756
1954 -1.31818
1955 -1.26786
1956 -1.13333
1957 -0.854839
1958 -0.717391
1959 -0.581967
1960 -0.588889
1961 -0.625
1962 -0.777778
1963 -1.03226
1964 -0.888889
1965 -0.7
1966 -0.486486
1967 -0.486486
1968 -0.5
1969 -0.229508
1970 -0.1375
1971 0.0804598
1972 -0.112245
1973 -0.120879
1974 -0.0989011
1975 0.236559
1976 0.348315
1977 0.469136
1978 0.118644
1979 -0.12069
1980 -0.223881
1981 0.46
1982 0.741379
1983 0.817308
1984 0.139535
1985 -0.015873
1986 0.02
1987 1
1988 0.84
1989 0.882353
1990 1
