# year 2016-10-15 2016-10-29 2016-11-22 2017-11-10
1870 - - - 73
1871 - - - 40
1872 - - - 33
1873 - - - 43
1874 - - - 27
1875 - - - 34
1876 - - - 23
1877 - - - 51
1878 - - - 42
1879 - - - 25
1880 - - - 96
1881 - - - 39
1882 - - - 66
1883 - - - 33
1884 - - - 47
1885 - - - 52
1886 - - - 48
1887 - - - 46
1888 - - - 86
1889 - - - 66
1890 - - - 220
1891 - - - 81
1892 - - - 77
1893 - - - 129
1894 - - - 122
1895 - - - 122
1896 - - - 157
1897 - - - 140
1898 - - - 273
1899 - - - 266
1900 720 750 730 680
1901 403 389 383 334
1902 526 515 484 453
1903 480 478 459 409
1904 583 564 533 527
1905 692 702 674 625
1906 804 827 774 701
1907 849 846 789 709
1908 944 916 883 826
1909 870 873 851 766
1910 1131 1132 1075 1109
1911 1047 1024 954 901
1912 1218 1220 1125 1012
1913 1338 1288 1239 1095
1914 1347 1350 1235 1165
1915 1381 1347 1295 1207
1916 1314 1331 1232 1143
1917 1726 1706 1634 1508
1918 1884 1955 1777 1691
1919 2518 2534 2429 2340
1920 2195 2229 2180 2134
1921 1408 1453 1361 1348
1922 1640 1643 1537 1538
1923 1610 1596 1535 1520
1924 1811 1776 1726 1684
1925 1696 1663 1582 1572
1926 1843 1847 1755 1830
1927 1954 1950 1879 1805
1928 1905 1894 1888 1815
1929 2074 2076 2003 2141
1930 2508 2571 2422 2522
1931 1705 1692 1617 1719
1932 1838 1859 1714 1837
1933 1776 1803 1702 1829
1934 1896 1931 1876 2007
1935 2843 2929 2846 2946
1936 2302 2358 2225 2366
1937 2215 2325 2206 2378
1938 1992 2058 1975 2157
1939 2248 2290 2175 2330
1940 2548 2712 2551 2669
1941 2100 2169 2097 2266
1942 2446 2563 2478 2731
1943 2682 2707 2683 2877
1944 2757 2810 2768 2996
1945 2705 2770 2659 2897
1946 2794 2834 2751 3047
1947 2309 2391 2259 2538
1948 2121 2134 2044 2318
1949 2045 2151 2024 2184
1950 2488 2512 2460 2642
1951 1693 1711 1635 1768
1952 1647 1707 1632 1777
1953 1810 1899 1771 1814
1954 1624 1663 1645 1797
1955 1457 1507 1523 1633
1956 1606 1726 1665 1753
1957 1234 1304 1312 1413
1958 1123 1210 1223 1250
1959 924 994 1023 1069
1960 1371 1495 1501 1491
1961 814 885 908 1056
1962 938 1023 1038 1069
1963 888 932 929 985
1964 1093 1136 1020 1043
1965 980 1016 952 975
1966 1163 1222 1165 1202
1967 973 1029 958 1078
1968 1166 1188 1125 1056
1969 932 967 978 954
1970 1273 1311 1305 1331
1971 992 1025 948 914
1972 829 857 861 890
1973 901 928 870 844
1974 840 861 839 858
1975 985 1006 974 1014
1976 756 780 784 788
1977 931 965 915 941
1978 819 828 822 828
1979 637 672 651 674
1980 857 873 864 859
1981 640 654 634 642
1982 651 665 648 683
1983 703 704 710 676
1984 690 669 682 734
1985 587 619 615 661
1986 580 559 635 653
1987 495 520 554 601
1988 520 546 535 572
1989 508 547 560 614
1990 525 551 589 687
1991 446 493 495 603
1992 448 464 470 611
1993 383 391 419 493
1994 451 454 460 502
1995 314 433 444 519
1996 393 409 434 508
1997 363 369 371 546
1998 350 363 362 451
1999 339 347 353 464
2000 - - 470 795
2001 - - 307 412
2002 - - 332 482
2003 - - 332 490
2004 - - 299 456
2005 - - 341 470
2006 - - 279 485
2007 - - 182 403
2008 - - 172 434
2009 - - 131 411
2010 - - 131 468
2011 - - 114 297
2012 - - 182 458
2013 - - 247 400
2014 - - 175 455
2015 - - 169 472
2016 - - 93 272
2017 - - 5 128
2018 - - 4 92
2019 - - 8 18
2020 - - - 12
2021 - - - 2
